0000000000000000000000000
0                       0
0                 030   0
0              000      0
0           000         0
0        010            0
0      00               0
0  000                  0
0    000                0
0       010             0
0          000          0
0             000       0
0                0      0
0                  010  0
0               000     0
0            000        0
0         000           0
0      010              0
0   000                 0
00200                   0
0000000000000000000000000