0000000000000000000000000
0                       0
0    00   00            0
0   0    0              0
0   0 00 0 00     3     0
0    00   00     000    0
0                       0
0             110       0
0                       0
0                       0
0    00000 00           0
0   1 100000            0
0    111100   00        0
0     111100            0
0    00 1100     00     0
0        100  11111     0
0       100             0
0      010              0
0      00         0000  0
0                       0
0           00 00000    0
0        00  000001 1   0
0             001111    0
0  001       001111     0
0            0011 00    0
0            001        0
0      0110   001       0
0              010      0
0               00      0
0  000                  0
0                       0
0                       0
0 0 0  0   000          0
0 020 0 0   0           0
0 000 000 0 0           0
0 0 0 0 0  00           0
0000000000000000000000000
